912 194.875 83.4433
913 192.771 83.7803
914 193.554 88.1403
915 193.29 83.576
916 193.22 88.4086
917 192.165 88.4319
918 189.971 88.9634
919 189.359 89.0959
920 190.964 83.9992
921 191.651 88.5355
922 192.729 88.5036
923 189.013 89.1704
924 186.793 89.572
925 187.112 89.5025
926 184.848 90.0054
927 188.604 88.5289
928 188.342 88.7271
929 188.148 88.9153
930 187.928 88.954
931 187.712 89.1402
932 187.497 89.1658
933 187.317 89.1903
934 187.211 89.1908
935 187.126 89.186
936 186.988 89.3447
937 186.825 89.3512
938 186.629 89.3509
939 186.558 89.3203
940 186.562 89.273
941 186.557 89.2248
942 186.628 89.1511
943 186.576 89.117
944 186.534 89.067
945 186.5 89.0114
946 186.475 88.9554
947 186.463 88.8825
948 186.463 88.7976
949 186.473 88.7117
950 186.489 88.6148
951 186.51 88.518
952 186.538 88.4053
953 186.572 88.2924
954 186.611 88.1803
955 186.653 88.0594
956 186.693 87.9301
957 186.731 87.8031
958 186.762 87.6802
959 186.79 87.5602
960 186.813 87.4392
961 186.832 87.3171
962 186.845 87.1997
963 186.852 87.0884
964 186.855 86.9783
965 186.853 86.8751
966 186.847 86.7738
967 186.838 86.6797
968 186.823 86.5888
969 186.806 86.5005
970 186.785 86.4205
971 186.763 86.3492
972 186.74 86.2817
973 186.722 86.2171
974 186.707 86.1555
975 186.696 86.0973
976 186.688 86.0427
977 186.683 85.9977
978 186.68 85.9569
979 186.677 85.92
980 186.675 85.8934
981 186.675 85.8717
982 186.68 85.8616
983 186.69 85.8636
984 186.704 85.8789
985 186.722 85.9079
986 186.746 85.9458
987 186.772 85.9983
988 186.8 86.067
989 186.83 86.147
990 186.864 86.2427
991 186.903 86.3551
992 186.946 86.4737
993 186.998 86.6083
994 187.059 86.7597
995 187.128 86.9168
996 187.203 87.0841
997 187.282 87.255
998 187.366 87.4284
999 187.454 87.6034
1000 187.548 87.7796
1001 187.645 87.9615
1002 187.748 88.1444
1003 187.855 88.3217
1004 187.967 88.5037
1005 188.082 88.6794
1006 188.199 88.8467
1007 188.319 89.0096
1008 188.439 89.1626
1009 188.558 89.3113
1010 188.677 89.4595
1011 188.795 89.6075
1012 188.913 89.7501
1013 189.031 89.8877
1014 189.146 90.0203
1015 189.257 90.1478
1016 189.362 90.2765
1017 189.461 90.4045
1018 189.556 90.5422
1019 189.645 90.6856
1020 189.728 90.841
1021 189.806 91.0118
1022 189.878 91.1989
1023 189.944 91.4033
1024 190.005 91.6124
1025 190.063 91.8287
1026 190.116 92.058
1027 190.166 92.2992
1028 190.213 92.5508
1029 190.258 92.8129
1030 190.304 93.0845
1031 190.352 93.3623
1032 190.402 93.6407
1033 190.452 93.9172
1034 190.502 94.1885
1035 190.553 94.4543
1036 190.604 94.711
1037 190.655 94.9594
1038 190.705 95.2011
1039 190.754 95.4415
1040 190.801 95.679
1041 190.845 95.9096
1042 190.885 96.1463
1043 190.92 96.3912
1044 190.949 96.6441
1045 190.969 96.9089
1046 190.983 97.1797
1047 190.99 97.4629
1048 190.991 97.7568
1049 190.985 98.0571
1050 190.973 98.3623
1051 190.955 98.6729
1052 190.929 98.9908
1053 190.896 99.3131
1054 190.858 99.6377
1055 190.815 99.965
1056 190.768 100.294
1057 190.718 100.616
1058 190.664 100.932
1059 190.61 101.235
1060 190.559 101.525
1061 190.505 101.808
1062 190.45 102.086
1063 190.394 102.356
1064 190.337 102.633
1065 190.28 102.91
1066 190.224 103.189
1067 190.168 103.472
1068 190.115 103.752
1069 190.063 104.033
1070 190.013 104.307
1071 189.968 104.569
1072 189.924 104.824
1073 189.882 105.061
1074 189.844 105.297
1075 189.803 105.523
1076 189.768 105.735
1077 189.736 105.927
1078 189.709 106.103
1079 189.687 106.255
1080 189.667 106.393
1081 189.652 106.521
1082 189.642 106.627
1083 189.635 106.725
1084 189.631 106.813
1085 189.627 106.915
1086 189.624 107.033
1087 189.623 107.163
1088 189.621 107.327
1089 189.618 107.508
1090 189.614 107.716
1091 189.606 107.955
1092 189.596 108.232
1093 189.583 108.541
1094 189.565 108.888
1095 189.544 109.27
1096 189.518 109.683
1097 189.487 110.13
1098 189.45 110.609
1099 189.408 111.122
1100 189.36 111.651
1101 189.307 112.19
1102 189.249 112.748
1103 189.185 113.307
1104 189.119 113.877
1105 189.052 114.455
1106 188.984 115.034
1107 188.91 115.611
1108 188.833 116.192
1109 188.754 116.771
1110 188.672 117.35
1111 188.587 117.931
1112 188.501 118.519
1113 188.412 119.106
1114 188.323 119.69
1115 188.234 120.272
1116 188.146 120.863
1117 188.057 121.454
1118 187.968 122.055
1119 187.879 122.655
1120 187.788 123.256
1121 187.696 123.861
1122 187.605 124.464
1123 187.514 125.064
1124 187.423 125.667
1125 187.334 126.257
1126 187.245 126.834
1127 187.158 127.386
1128 187.072 127.924
1129 186.986 128.448
1130 186.9 128.959
1131 186.814 129.45
1132 186.728 129.925
1133 186.643 130.373
1134 186.557 130.796
1135 186.471 131.188
1136 186.387 131.554
1137 186.304 131.885
1138 186.219 132.187
1139 186.134 132.447
1140 186.048 132.679
1141 185.96 132.88
1142 185.871 133.054
1143 185.782 133.196
1144 185.693 133.303
1145 185.604 133.37
1146 185.518 133.396
1147 185.436 133.376
1148 185.357 133.321
1149 185.281 133.228
1150 185.207 133.108
1151 185.134 132.958
1152 185.064 132.786
1153 184.997 132.593
1154 184.935 132.38
1155 184.877 132.135
1156 184.822 131.86
1157 184.769 131.555
1158 184.717 131.218
1159 184.666 130.857
1160 184.615 130.474
1161 184.562 130.087
1162 184.5 129.692
1163 184.433 129.294
1164 184.363 128.895
1165 184.287 128.503
1166 184.206 128.1
1167 184.119 127.703
1168 184.024 127.299
1169 183.925 126.888
1170 183.821 126.496
1171 183.71 126.125
1172 183.594 125.774
1173 183.473 125.457
1174 183.347 125.162
1175 183.216 124.9
1176 183.082 124.641
1177 182.947 124.399
1178 182.81 124.159
1179 182.67 123.922
1180 182.53 123.674
1181 182.388 123.445
1182 182.246 123.208
1183 182.106 122.977
1184 181.962 122.762
1185 181.814 122.539
1186 181.667 122.311
1187 181.522 122.09
1188 181.38 121.856
1189 181.241 121.612
1190 181.107 121.353
1191 180.976 121.092
1192 180.849 120.825
1193 180.727 120.557
1194 180.609 120.29
1195 180.496 120.017
1196 180.389 119.73
1197 180.287 119.434
1198 180.191 119.129
1199 180.104 118.809
1200 180.027 118.48
1201 179.953 118.143
1202 179.885 117.795
1203 179.823 117.438
1204 179.767 117.081
1205 179.718 116.723
1206 179.668 116.371
1207 179.625 116.017
1208 179.588 115.662
1209 179.554 115.308
1210 179.525 114.961
1211 179.5 114.62
1212 179.48 114.281
1213 179.463 113.942
1214 179.448 113.606
1215 179.435 113.272
1216 179.432 112.941
1217 179.432 112.604
1218 179.434 112.277
1219 179.438 111.947
1220 179.445 111.607
1221 179.465 111.253
1222 179.489 110.888
1223 179.516 110.509
1224 179.553 110.111
1225 179.596 109.703
1226 179.642 109.288
1227 179.691 108.872
1228 179.74 108.455
1229 179.79 108.036
1230 179.842 107.623
1231 179.89 107.205
1232 179.937 106.788
1233 179.981 106.361
1234 180.024 105.931
1235 180.064 105.506
1236 180.095 105.084
1237 180.121 104.675
1238 180.14 104.283
1239 180.15 103.912
1240 180.157 103.546
1241 180.165 103.183
1242 180.176 102.83
1243 180.194 102.486
1244 180.217 102.144
1245 180.246 101.79
1246 180.283 101.43
1247 180.332 101.064
1248 180.394 100.69
1249 180.47 100.31
1250 180.559 99.9275
1251 180.665 99.5374
1252 180.788 99.1322
1253 180.929 98.7108
1254 181.088 98.2712
1255 181.257 97.8245
1256 181.434 97.3706
1257 181.617 96.9028
1258 181.806 96.4212
1259 182.001 95.9371
1260 182.201 95.4575
1261 182.406 94.9841
1262 182.611 94.5181
1263 182.817 94.0608
1264 183.023 93.6135
1265 183.227 93.1708
1266 183.427 92.7391
1267 183.624 92.3192
1268 183.817 91.9119
1269 184.004 91.5183
1270 184.188 91.1373
1271 184.372 90.7703
1272 184.556 90.4179
1273 184.737 90.0817
1274 184.916 89.7571
1275 185.094 89.4443
1276 185.267 89.1436
1277 185.44 88.8546
1278 185.609 88.5774
1279 185.775 88.3114
1280 185.938 88.0565
1281 186.099 87.8128
1282 186.256 87.5802
1283 186.412 87.3583
1284 186.566 87.1464
1285 186.72 86.9442
1286 186.871 86.7514
1287 187.02 86.5676
1288 187.167 86.3919
1289 187.313 86.2239
1290 187.458 86.0632
1291 187.605 85.9093
1292 187.751 85.7621
1293 187.898 85.6212
1294 188.048 85.4861
1295 188.201 85.3566
1296 188.356 85.239
1297 188.515 85.1335
1298 188.676 85.0403
1299 188.837 84.96
1300 189.001 84.8924
1301 189.167 84.8379
1302 189.335 84.7966
1303 189.503 84.7697
1304 189.674 84.7575
1305 189.845 84.7602
1306 190.017 84.7729
1307 190.186 84.8024
1308 190.352 84.8435
1309 190.513 84.8975
1310 190.668 84.9703
1311 190.813 85.046
1312 190.945 85.1312
1313 191.062 85.2259
1314 191.166 85.3246
1315 191.252 85.4276
1316 191.322 85.5336
1317 191.374 85.6424
1318 191.409 85.7519
1319 191.424 85.8623
1320 191.418 85.9723
1321 191.388 86.0929
1322 191.341 86.2104
1323 191.273 86.3408
1324 191.186 86.4833
1325 191.08 86.6211
1326 190.965 86.7718
1327 190.846 86.9159
1328 190.723 87.0524
1329 190.597 87.1959
1330 190.469 87.3398
1331 190.342 87.4845
1332 190.217 87.6293
1333 190.096 87.7802
1334 189.981 87.9368
1335 189.873 88.0938
1336 189.775 88.2458
1337 189.687 88.399
1338 189.612 88.538
1339 189.551 88.6609
1340 189.504 88.7825
1341 189.464 88.8914
1342 189.43 89.0051
1343 189.403 89.1243
1344 189.384 89.2334
1345 189.373 89.3431
1346 189.368 89.4538
1347 189.369 89.5659
1348 189.374 89.6682
1349 189.385 89.7609
1350 189.399 89.8545
1351 189.415 89.9486
1352 189.432 90.0427
1353 189.453 90.1402
1354 189.473 90.2446
1355 189.493 90.3513
1356 189.517 90.4623
1357 189.544 90.5718
1358 189.575 90.6798
1359 189.607 90.7992
1360 189.64 90.926
1361 189.673 91.0558
1362 189.706 91.1887
1363 189.739 91.3374
1364 189.774 91.5016
1365 189.81 91.6778
1366 189.846 91.8673
1367 189.882 92.0707
1368 189.917 92.2908
1369 189.955 92.5192
1370 189.994 92.7566
1371 190.034 93.0023
1372 190.073 93.2571
1373 190.113 93.5216
1374 190.154 93.7829
1375 190.196 94.0406
1376 190.24 94.3049
1377 190.285 94.5761
1378 190.332 94.8417
1379 190.379 95.1025
1380 190.427 95.3559
1381 190.475 95.6031
1382 190.524 95.8471
1383 190.571 96.0857
1384 190.613 96.332
1385 190.648 96.5866
1386 190.676 96.8526
1387 190.696 97.1316
1388 190.71 97.4231
1389 190.716 97.7336
1390 190.714 98.0634
1391 190.705 98.4062
1392 190.687 98.7642
1393 190.66 99.1444
1394 190.623 99.547
1395 190.576 99.9741
1396 190.52 100.421
1397 190.458 100.886
1398 190.39 101.366
1399 190.318 101.854
1400 190.245 102.358
1401 190.171 102.87
1402 190.097 103.388
1403 190.022 103.916
1404 189.945 104.451
1405 189.868 104.996
1406 189.79 105.548
1407 189.712 106.103
1408 189.637 106.655
1409 189.566 107.205
1410 189.499 107.752
1411 189.433 108.29
1412 189.368 108.819
1413 189.309 109.347
1414 189.255 109.886
1415 189.204 110.41
1416 189.155 110.937
1417 189.109 111.451
1418 189.071 111.95
1419 189.04 112.432
1420 189.017 112.894
1421 189.002 113.339
1422 188.994 113.77
1423 188.993 114.195
1424 188.999 114.603
1425 189.013 114.992
1426 189.036 115.381
1427 189.069 115.758
1428 189.104 116.119
1429 189.138 116.445
1430 189.174 116.761
1431 189.217 117.047
1432 189.261 117.331
1433 189.305 117.612
1434 189.344 117.895
1435 189.377 118.175
1436 189.405 118.454
1437 189.428 118.731
1438 189.446 118.999
1439 189.456 119.281
1440 189.457 119.579
1441 189.451 119.869
1442 189.435 120.176
1443 189.419 120.493
1444 189.403 120.816
1445 189.386 121.147
1446 189.359 121.494
1447 189.331 121.842
1448 189.297 122.183
1449 189.262 122.52
1450 189.228 122.85
1451 189.197 123.169
1452 189.165 123.468
1453 189.135 123.754
1454 189.107 123.998
1455 189.08 124.217
1456 189.054 124.413
1457 189.029 124.577
1458 188.996 124.708
1459 188.96 124.812
1460 188.92 124.884
1461 188.878 124.932
1462 188.831 124.945
1463 188.782 124.949
1464 188.731 124.925
1465 188.677 124.88
1466 188.618 124.815
1467 188.554 124.75
1468 188.484 124.678
1469 188.408 124.606
1470 188.329 124.528
1471 188.245 124.447
1472 188.157 124.371
1473 188.066 124.315
1474 187.969 124.28
1475 187.867 124.263
1476 187.762 124.239
1477 187.651 124.238
1478 187.536 124.228
1479 187.415 124.232
1480 187.286 124.258
1481 187.149 124.31
1482 187.007 124.36
1483 186.861 124.425
1484 186.708 124.51
1485 186.547 124.608
1486 186.38 124.718
1487 186.208 124.826
1488 186.034 124.911
1489 185.861 124.979
1490 185.689 125.03
1491 185.518 125.086
1492 185.35 125.119
1493 185.183 125.153
1494 185.022 125.167
1495 184.867 125.15
1496 184.721 125.098
1497 184.579 125.025
1498 184.447 124.912
1499 184.327 124.764
1500 184.223 124.566
1501 184.134 124.325
1502 184.058 124.041
1503 183.997 123.725
1504 183.948 123.371
1505 183.913 122.981
1506 183.891 122.548
1507 183.885 122.077
1508 183.895 121.568
1509 183.92 121.025
1510 183.96 120.447
1511 184.016 119.835
1512 184.088 119.194
1513 184.174 118.527
1514 184.266 117.835
1515 184.362 117.134
1516 184.462 116.423
1517 184.568 115.715
1518 184.679 115.008
1519 184.796 114.307
1520 184.917 113.614
1521 185.036 112.936
1522 185.156 112.275
1523 185.273 111.618
1524 185.383 110.986
1525 185.485 110.375
1526 185.576 109.788
1527 185.658 109.223
1528 185.73 108.684
1529 185.798 108.166
1530 185.862 107.672
1531 185.923 107.199
1532 185.975 106.736
1533 186.016 106.283
1534 186.046 105.838
1535 186.065 105.4
1536 186.083 104.957
1537 186.09 104.527
1538 186.094 104.109
1539 186.098 103.682
1540 186.105 103.261
1541 186.116 102.844
1542 186.125 102.434
1543 186.134 102.027
1544 186.146 101.622
1545 186.163 101.215
1546 186.183 100.809
1547 186.21 100.409
1548 186.245 100.012
1549 186.288 99.6218
1550 186.34 99.2373
1551 186.396 98.8643
1552 186.465 98.4818
1553 186.539 98.1002
1554 186.616 97.7302
1555 186.696 97.3649
1556 186.778 97.0041
1557 186.866 96.6469
1558 186.956 96.2951
1559 187.043 95.9506
1560 187.126 95.6153
1561 187.205 95.2881
1562 187.279 94.9682
1563 187.348 94.658
1564 187.41 94.3561
1565 187.465 94.0637
1566 187.51 93.7811
1567 187.544 93.5165
1568 187.569 93.2573
1569 187.588 93.0064
1570 187.597 92.7648
1571 187.596 92.5314
1572 187.587 92.3043
1573 187.577 92.0809
1574 187.564 91.8611
1575 187.55 91.6439
1576 187.532 91.429
1577 187.509 91.2169
1578 187.483 91.0066
1579 187.454 90.7976
1580 187.424 90.589
1581 187.395 90.3796
1582 187.366 90.1751
1583 187.337 89.9758
1584 187.306 89.7774
1585 187.278 89.5786
1586 187.25 89.3814
1587 187.221 89.1873
1588 187.185 88.9983
1589 187.146 88.8144
1590 187.102 88.6355
1591 187.062 88.4613
1592 187.026 88.2974
1593 186.998 88.1377
1594 186.976 87.983
1595 186.957 87.8338
1596 186.942 87.6907
1597 186.934 87.5414
1598 186.932 87.3975
1599 186.94 87.258
1600 186.959 87.1231
1601 186.99 86.9918
1602 187.035 86.8631
1603 187.097 86.7365
1604 187.173 86.6123
1605 187.266 86.4905
1606 187.37 86.3713
1607 187.486 86.2425
1608 187.612 86.1157
1609 187.747 85.9905
1610 187.893 85.8666
1611 188.048 85.744
1612 188.213 85.6284
1613 188.386 85.5147
1614 188.567 85.4029
1615 188.753 85.293
1616 188.942 85.1852
1617 189.134 85.0798
1618 189.326 84.9771
1619 189.517 84.8833
1620 189.705 84.7931
1621 189.89 84.7066
1622 190.071 84.6297
1623 190.247 84.5579
1624 190.419 84.4907
1625 190.583 84.4298
1626 190.737 84.3752
1627 190.882 84.3271
1628 191.014 84.286
1629 191.13 84.2526
1630 191.23 84.2272
1631 191.309 84.217
1632 191.369 84.2181
1633 191.407 84.2312
1634 191.426 84.2444
1635 191.426 84.2691
1636 191.407 84.3055
1637 191.365 84.3549
1638 191.304 84.4169
1639 191.218 84.4932
1640 191.116 84.5817
1641 190.998 84.6825
1642 190.862 84.7967
1643 190.712 84.9297
1644 190.551 85.0814
1645 190.379 85.2467
1646 190.202 85.4176
1647 190.02 85.6026
1648 189.835 85.8004
1649 189.649 86.0172
1650 189.462 86.2414
1651 189.277 86.4786
1652 189.098 86.7222
1653 188.923 86.9719
1654 188.757 87.2276
1655 188.593 87.4915
1656 188.433 87.764
1657 188.28 88.0447
1658 188.134 88.3205
1659 187.994 88.5906
1660 187.863 88.8647
1661 187.739 89.1373
1662 187.623 89.4029
1663 187.516 89.6616
1664 187.417 89.9105
1665 187.325 90.1606
1666 187.239 90.4001
1667 187.158 90.6392
1668 187.081 90.8795
1669 187.008 91.1177
1670 186.945 91.351
1671 186.888 91.5782
1672 186.839 91.7987
1673 186.796 92.0201
1674 186.758 92.2484
1675 186.725 92.4729
1676 186.695 92.6986
1677 186.668 92.9342
1678 186.644 93.1795
1679 186.622 93.4381
1680 186.602 93.7046
1681 186.583 93.9871
1682 186.567 94.2785
1683 186.557 94.5707
1684 186.551 94.8714
1685 186.549 95.1736
1686 186.552 95.4769
1687 186.56 95.7805
1688 186.572 96.0826
1689 186.587 96.3731
1690 186.608 96.6634
1691 186.633 96.957
1692 186.662 97.2388
1693 186.697 97.5091
1694 186.736 97.7663
1695 186.779 98.011
1696 186.83 98.2404
1697 186.883 98.46
1698 186.937 98.6803
1699 186.991 98.8906
1700 187.041 99.1071
1701 187.089 99.3307
1702 187.132 99.5646
1703 187.174 99.8075
1704 187.215 100.064
1705 187.251 100.33
1706 187.287 100.601
1707 187.317 100.888
1708 187.343 101.191
1709 187.364 101.502
1710 187.38 101.827
1711 187.391 102.159
1712 187.399 102.502
1713 187.405 102.845
1714 187.409 103.192
1715 187.412 103.535
1716 187.414 103.875
1717 187.417 104.208
1718 187.416 104.542
1719 187.412 104.877
1720 187.407 105.214
1721 187.401 105.552
1722 187.396 105.878
1723 187.391 106.203
1724 187.389 106.531
1725 187.388 106.854
1726 187.387 107.181
1727 187.388 107.498
1728 187.39 107.826
1729 187.393 108.164
1730 187.4 108.501
1731 187.41 108.841
1732 187.423 109.178
1733 187.443 109.495
1734 187.47 109.799
1735 187.504 110.077
1736 187.542 110.329
1737 187.584 110.578
1738 187.634 110.796
1739 187.686 111.01
1740 187.745 111.201
1741 187.809 111.388
1742 187.88 111.564
1743 187.957 111.714
1744 188.038 111.84
1745 188.12 111.969
1746 188.203 112.088
1747 188.286 112.212
1748 188.367 112.351
1749 188.446 112.495
1750 188.522 112.655
1751 188.596 112.838
1752 188.666 113.018
1753 188.731 113.223
1754 188.791 113.415
1755 188.844 113.622
1756 188.892 113.811
1757 188.932 114.006
1758 188.963 114.202
1759 188.988 114.4
1760 189.008 114.575
1761 189.02 114.728
1762 189.028 114.866
1763 189.03 114.983
1764 189.026 115.085
1765 189.014 115.178
1766 188.997 115.245
1767 188.974 115.302
1768 188.947 115.332
1769 188.915 115.364
1770 188.877 115.394
1771 188.828 115.434
1772 188.772 115.472
1773 188.709 115.515
1774 188.639 115.565
1775 188.563 115.626
1776 188.482 115.699
1777 188.395 115.774
1778 188.302 115.864
1779 188.21 115.951
1780 188.114 116.034
1781 188.014 116.13
1782 187.912 116.234
1783 187.802 116.353
1784 187.69 116.456
1785 187.576 116.544
1786 187.466 116.605
1787 187.356 116.643
1788 187.249 116.657
1789 187.142 116.641
1790 187.036 116.603
1791 186.932 116.562
1792 186.828 116.508
1793 186.725 116.434
1794 186.613 116.356
1795 186.504 116.264
1796 186.394 116.16
1797 186.286 116.044
1798 186.18 115.918
1799 186.076 115.802
1800 185.973 115.688
1801 185.87 115.592
1802 185.767 115.505
1803 185.665 115.435
1804 185.562 115.385
1805 185.461 115.352
1806 185.361 115.319
1807 185.261 115.289
1808 185.162 115.259
1809 185.068 115.229
1810 184.972 115.207
1811 184.879 115.183
1812 184.784 115.153
1813 184.69 115.125
1814 184.597 115.084
1815 184.505 115.046
1816 184.415 114.999
1817 184.324 114.957
1818 184.236 114.906
1819 184.15 114.846
1820 184.063 114.776
1821 183.978 114.688
1822 183.899 114.591
1823 183.823 114.487
1824 183.752 114.371
1825 183.687 114.243
1826 183.626 114.105
1827 183.572 113.959
1828 183.524 113.79
1829 183.482 113.615
1830 183.446 113.415
1831 183.411 113.206
1832 183.38 112.971
1833 183.356 112.715
1834 183.338 112.436
1835 183.326 112.145
1836 183.319 111.85
1837 183.313 111.544
1838 183.306 111.237
1839 183.298 110.931
1840 183.288 110.625
1841 183.277 110.32
1842 183.265 110.009
1843 183.25 109.7
1844 183.234 109.384
1845 183.214 109.071
1846 183.202 108.745
1847 183.196 108.417
1848 183.187 108.091
1849 183.175 107.777
1850 183.162 107.451
1851 183.149 107.113
1852 183.139 106.773
1853 183.136 106.413
1854 183.142 106.032
1855 183.157 105.635
1856 183.183 105.215
1857 183.218 104.786
1858 183.264 104.348
1859 183.32 103.901
1860 183.383 103.45
1861 183.447 102.997
1862 183.51 102.545
1863 183.577 102.092
1864 183.647 101.62
1865 183.719 101.154
1866 183.791 100.694
1867 183.863 100.233
1868 183.93 99.7829
1869 183.991 99.3459
1870 184.044 98.909
1871 184.086 98.49
1872 184.114 98.083
1873 184.128 97.6885
1874 184.127 97.306
1875 184.114 96.9327
1876 184.089 96.5682
1877 184.056 96.2104
1878 184.018 95.8572
1879 183.977 95.5163
1880 183.933 95.1803
1881 183.89 94.849
1882 183.845 94.5221
1883 183.801 94.1991
1884 183.755 93.879
1885 183.708 93.568
1886 183.664 93.2578
1887 183.623 92.9481
1888 183.588 92.638
1889 183.562 92.3282
1890 183.545 92.02
1891 183.541 91.7127
1892 183.549 91.408
1893 183.561 91.1094
1894 183.578 90.8167
1895 183.598 90.531
1896 183.62 90.2525
1897 183.644 89.9811
1898 183.671 89.7169
1899 183.707 89.4601
1900 183.752 89.2112
1901 183.805 88.9697
1902 183.869 88.7356
1903 183.942 88.5091
1904 184.022 88.2905
1905 184.109 88.0793
1906 184.2 87.8768
1907 184.293 87.6825
1908 184.392 87.4949
1909 184.497 87.3144
1910 184.609 87.1403
1911 184.727 86.9724
1912 184.852 86.811
1913 184.985 86.6556
1914 185.12 86.5066
1915 185.26 86.3634
1916 185.401 86.2264
1917 185.542 86.0955
1918 185.685 85.9704
1919 185.825 85.8515
1920 185.962 85.7387
1921 186.097 85.6322
1922 186.228 85.5321
1923 186.351 85.439
1924 186.466 85.3528
1925 186.573 85.2733
1926 186.668 85.202
1927 186.751 85.1388
1928 186.82 85.0841
1929 186.874 85.0375
1930 186.907 85.0008
1931 186.921 84.9745
1932 186.915 84.9586
1933 186.887 84.9553
1934 186.838 84.9661
1935 186.768 84.9916
1936 186.677 85.0305
1937 186.566 85.0833
1938 186.441 85.1495
1939 186.301 85.2294
1940 186.145 85.3238
1941 185.978 85.4307
1942 185.803 85.5502
1943 185.618 85.6823
1944 185.426 85.8279
1945 185.237 85.9844
1946 185.05 86.1504
1947 184.867 86.3255
1948 184.694 86.5056
1949 184.534 86.6861
1950 184.39 86.8659
1951 184.264 87.0454
1952 184.157 87.2226
1953 184.071 87.3972
1954 184.003 87.5687
1955 183.956 87.7368
1956 183.929 87.9012
1957 183.921 88.064
1958 183.932 88.2256
1959 183.963 88.3841
1960 184.011 88.54
1961 184.075 88.6935
1962 184.154 88.845
1963 184.246 88.9958
1964 184.348 89.1488
1965 184.456 89.3051
1966 184.569 89.464
1967 184.687 89.6274
1968 184.806 89.7954
1969 184.926 89.9691
1970 185.046 90.1488
1971 185.165 90.3357
1972 185.286 90.5246
1973 185.411 90.714
1974 185.538 90.9054
1975 185.666 91.0993
1976 185.797 91.2955
1977 185.928 91.4954
1978 186.059 91.6998
1979 186.19 91.9089
1980 186.323 92.1212
1981 186.455 92.3397
1982 186.588 92.5618
1983 186.721 92.7871
1984 186.859 93.0132
1985 187.001 93.2378
1986 187.147 93.46
1987 187.293 93.6832
1988 187.441 93.9081
1989 187.587 94.1363
1990 187.729 94.3672
1991 187.867 94.6029
1992 188.002 94.8399
1993 188.134 95.0792
1994 188.263 95.3202
1995 188.389 95.5588
1996 188.511 95.7974
1997 188.629 96.0319
1998 188.743 96.2636
1999 188.85 96.4996
2000 188.951 96.7357
2001 189.047 96.9739
2002 189.136 97.2124
2003 189.217 97.4512
2004 189.292 97.6864
2005 189.364 97.9233
2006 189.431 98.1562
2007 189.493 98.389
2008 189.548 98.6251
2009 189.598 98.8585
2010 189.642 99.105
2011 189.679 99.3562
2012 189.711 99.6239
2013 189.734 99.9085
2014 189.749 100.199
2015 189.755 100.508
2016 189.75 100.834
2017 189.736 101.181
2018 189.713 101.554
2019 189.68 101.957
2020 189.639 102.387
2021 189.59 102.854
2022 189.534 103.357
2023 189.472 103.879
2024 189.403 104.431
2025 189.33 105.002
2026 189.252 105.594
2027 189.172 106.204
2028 189.089 106.83
2029 189.007 107.476
2030 188.927 108.142
2031 188.85 108.814
2032 188.776 109.488
2033 188.706 110.173
2034 188.642 110.859
2035 188.581 111.536
2036 188.525 112.201
2037 188.473 112.838
2038 188.427 113.479
2039 188.386 114.11
2040 188.352 114.722
2041 188.325 115.314
2042 188.303 115.884
2043 188.287 116.436
2044 188.275 116.968
2045 188.269 117.462
2046 188.266 117.947
2047 188.265 118.425
2048 188.267 118.865
2049 188.272 119.277
2050 188.279 119.656
2051 188.289 120.017
2052 188.301 120.369
2053 188.315 120.677
2054 188.329 120.957
2055 188.344 121.225
2056 188.355 121.488
2057 188.36 121.742
2058 188.36 121.976
2059 188.355 122.191
2060 188.349 122.409
2061 188.343 122.593
2062 188.337 122.751
2063 188.329 122.9
2064 188.319 123.038
2065 188.305 123.185
2066 188.284 123.316
2067 188.261 123.431
2068 188.234 123.563
2069 188.197 123.695
2070 188.157 123.821
2071 188.116 123.929
2072 188.082 124.025
2073 188.046 124.117
2074 188.012 124.204
2075 187.971 124.28
2076 187.926 124.374
2077 187.878 124.465
2078 187.828 124.556
2079 187.773 124.646
2080 187.714 124.725
2081 187.663 124.802
2082 187.613 124.875
2083 187.564 124.933
2084 187.529 124.977
2085 187.495 125.01
2086 187.473 125.031
2087 187.449 125.043
2088 187.436 125.04
2089 187.432 125.03
2090 187.443 125.013
2091 187.459 124.983
2092 187.475 124.959
2093 187.488 124.941
2094 187.512 124.917
2095 187.552 124.888
2096 187.587 124.871
2097 187.619 124.862
2098 187.648 124.867
2099 187.667 124.886
2100 187.68 124.918
2101 187.68 124.971
2102 187.672 125.042
2103 187.655 125.137
2104 187.619 125.245
2105 187.566 125.365
2106 187.497 125.485
2107 187.425 125.588
2108 187.347 125.673
2109 187.258 125.76
2110 187.144 125.861
2111 187.021 125.947
2112 186.889 126.027
2113 186.748 126.095
2114 186.607 126.159
2115 186.467 126.216
2116 186.329 126.263
2117 186.192 126.301
2118 186.049 126.319
2119 185.913 126.325
2120 185.785 126.309
2121 185.669 126.279
2122 185.559 126.248
2123 185.452 126.22
2124 185.352 126.184
2125 185.264 126.117
2126 185.183 126.034
2127 185.112 125.931
2128 185.05 125.805
2129 184.985 125.642
2130 184.916 125.448
2131 184.843 125.224
2132 184.767 124.964
2133 184.694 124.671
2134 184.616 124.342
2135 184.532 123.993
2136 184.44 123.629
2137 184.339 123.239
2138 184.239 122.815
2139 184.131 122.363
2140 184.023 121.89
2141 183.916 121.395
2142 183.806 120.878
2143 183.695 120.338
2144 183.589 119.794
2145 183.488 119.236
2146 183.393 118.664
2147 183.302 118.094
2148 183.216 117.527
2149 183.136 116.965
2150 183.063 116.406
2151 182.998 115.835
2152 182.944 115.258
2153 182.896 114.678
2154 182.859 114.094
2155 182.828 113.508
2156 182.805 112.922
2157 182.79 112.336
2158 182.783 111.753
2159 182.786 111.167
2160 182.798 110.582
2161 182.819 109.998
2162 182.85 109.406
2163 182.892 108.809
2164 182.94 108.214
2165 182.991 107.616
2166 183.045 107.023
2167 183.098 106.437
2168 183.147 105.86
2169 183.193 105.294
2170 183.234 104.738
2171 183.267 104.196
2172 183.29 103.669
2173 183.303 103.158
2174 183.303 102.662
2175 183.29 102.184
2176 183.261 101.726
2177 183.217 101.289
2178 183.157 100.873
2179 183.084 100.462
2180 183.004 100.064
2181 182.918 99.6788
2182 182.831 99.3028
2183 182.742 98.9343
2184 182.652 98.5729
2185 182.564 98.2181
2186 182.476 97.8693
2187 182.392 97.5238
2188 182.313 97.1809
2189 182.24 96.8393
2190 182.173 96.4981
2191 182.115 96.1563
2192 182.066 95.8128
2193 182.03 95.4645
2194 182.006 95.119
2195 181.992 94.7729
2196 181.986 94.4284
2197 181.988 94.0877
2198 181.998 93.7509
2199 182.018 93.4194
2200 182.046 93.093
2201 182.089 92.7693
2202 182.147 92.4491
2203 182.218 92.1339
2204 182.304 91.8225
2205 182.407 91.5151
2206 182.526 91.2111
2207 182.663 90.9104
2208 182.816 90.6156
2209 182.983 90.3275
2210 183.16 90.0469
2211 183.352 89.772
2212 183.558 89.5022
2213 183.778 89.2372
2214 184.01 88.9768
2215 184.258 88.7207
2216 184.516 88.47
2217 184.784 88.2252
2218 185.061 87.9852
2219 185.345 87.7515
2220 185.636 87.5242
2221 185.933 87.3034
2222 186.235 87.0904
2223 186.541 86.8846
2224 186.849 86.6856
2225 187.162 86.4918
2226 187.479 86.3046
2227 187.799 86.1237
2228 188.12 85.9497
2229 188.441 85.7814
2230 188.761 85.6194
2231 189.08 85.4645
2232 189.392 85.3167
2233 189.7 85.1763
2234 190.002 85.0427
2235 190.299 84.9218
2236 190.585 84.8083
2237 190.858 84.7021
2238 191.117 84.6031
2239 191.361 84.512
2240 191.591 84.4357
2241 191.802 84.3627
2242 191.991 84.2987
2243 192.158 84.2439
2244 192.305 84.1991
2245 192.426 84.1641
2246 192.522 84.1391
2247 192.6 84.1229
2248 192.652 84.1166
2249 192.677 84.1226
2250 192.671 84.13
2251 192.634 84.153
2252 192.57 84.1917
2253 192.48 84.2524
2254 192.364 84.3351
2255 192.227 84.4213
2256 192.069 84.5328
2257 191.892 84.6653
2258 191.697 84.8136
2259 191.484 84.9779
2260 191.257 85.1644
2261 191.015 85.3733
2262 190.754 85.6066
2263 190.48 85.8642
2264 190.198 86.1418
2265 189.915 86.446
2266 189.635 86.7655
2267 189.359 87.0999
2268 189.087 87.437
2269 188.821 87.7755
2270 188.558 88.1328
2271 188.298 88.4937
2272 188.043 88.8543
2273 187.791 89.2249
2274 187.543 89.6052
2275 187.301 89.9826
2276 187.067 90.3549
2277 186.845 90.7199
2278 186.632 91.0759
2279 186.431 91.4236
2280 186.238 91.7604
2281 186.052 92.0879
2282 185.875 92.4046
2283 185.704 92.7156
2284 185.539 93.0216
2285 185.382 93.3166
2286 185.234 93.6086
2287 185.097 93.8969
2288 184.974 94.1772
2289 184.863 94.4483
2290 184.765 94.716
2291 184.679 94.9819
2292 184.603 95.2466
2293 184.541 95.5029
2294 184.488 95.7603
2295 184.447 96.0168
2296 184.415 96.2748
2297 184.393 96.5355
2298 184.381 96.7999
2299 184.378 97.0607
2300 184.386 97.3244
2301 184.403 97.5823
2302 184.427 97.843
2303 184.458 98.1046
2304 184.496 98.3696
2305 184.54 98.64
2306 184.588 98.9137
2307 184.64 99.1933
2308 184.694 99.4938
2309 184.75 99.7983
2310 184.806 100.113
2311 184.863 100.437
2312 184.921 100.77
2313 184.977 101.11
2314 185.033 101.473
2315 185.088 101.839
2316 185.143 102.227
2317 185.195 102.626
2318 185.245 103.039
2319 185.292 103.458
2320 185.337 103.883
2321 185.379 104.323
2322 185.419 104.773
2323 185.458 105.23
2324 185.497 105.703
2325 185.535 106.188
2326 185.572 106.679
2327 185.609 107.177
2328 185.646 107.68
2329 185.683 108.183
2330 185.719 108.706
2331 185.753 109.225
2332 185.786 109.756
2333 185.818 110.287
2334 185.85 110.842
2335 185.883 111.413
2336 185.915 111.98
2337 185.949 112.556
2338 185.983 113.128
2339 186.018 113.693
2340 186.055 114.252
2341 186.093 114.817
2342 186.134 115.386
2343 186.177 115.965
2344 186.221 116.547
2345 186.269 117.122
2346 186.321 117.701
2347 186.374 118.268
2348 186.431 118.84
2349 186.49 119.393
2350 186.551 119.929
2351 186.617 120.469
2352 186.683 120.991
2353 186.753 121.516
2354 186.822 122.045
2355 186.888 122.59
2356 186.955 123.151
2357 187.019 123.731
2358 187.081 124.325
2359 187.143 124.947
2360 187.197 125.601
2361 187.248 126.286
2362 187.298 127.005
2363 187.344 127.753
2364 187.387 128.533
2365 187.425 129.352
2366 187.455 130.205
2367 187.48 131.108
2368 187.499 132.045
2369 187.513 133.017
2370 187.524 134.004
2371 187.528 134.99
2372 187.53 135.97
2373 187.527 136.938
2374 187.521 137.881
2375 187.519 138.787
2376 187.517 139.653
2377 187.516 140.47
2378 187.516 141.234
2379 187.518 141.942
2380 187.522 142.585
2381 187.531 143.155
2382 187.543 143.636
2383 187.559 144.034
2384 187.582 144.344
2385 187.609 144.564
2386 187.642 144.705
2387 187.679 144.769
2388 187.718 144.755
2389 187.756 144.67
2390 187.792 144.516
2391 187.824 144.301
2392 187.854 144.044
2393 187.882 143.741
2394 187.908 143.403
2395 187.93 143.029
2396 187.949 142.623
2397 187.965 142.204
2398 187.977 141.773
2399 187.984 141.333
2400 187.988 140.89
2401 187.988 140.444
2402 187.987 139.992
2403 187.993 139.554
2404 188.002 139.121
2405 188.012 138.709
2406 188.025 138.303
2407 188.038 137.897
2408 188.049 137.498
2409 188.06 137.102
2410 188.065 136.722
2411 188.07 136.364
2412 188.072 136.024
2413 188.073 135.687
2414 188.072 135.353
2415 188.066 135.039
2416 188.056 134.743
2417 188.039 134.459
2418 188.011 134.17
2419 187.973 133.895
2420 187.925 133.623
2421 187.869 133.367
2422 187.807 133.129
2423 187.74 132.894
2424 187.666 132.67
2425 187.601 132.446
2426 187.532 132.208
2427 187.457 131.952
2428 187.38 131.691
2429 187.299 131.421
2430 187.216 131.133
2431 187.132 130.826
2432 187.037 130.509
2433 186.94 130.187
2434 186.846 129.842
2435 186.746 129.478
2436 186.638 129.09
2437 186.529 128.672
2438 186.416 128.242
2439 186.304 127.784
2440 186.184 127.299
2441 186.062 126.793
2442 185.94 126.27
2443 185.818 125.728
2444 185.696 125.169
2445 185.575 124.594
2446 185.447 124.005
2447 185.336 123.389
2448 185.222 122.761
2449 185.1 122.127
2450 184.989 121.478
2451 184.887 120.816
2452 184.784 120.149
2453 184.68 119.475
2454 184.57 118.809
2455 184.457 118.147
2456 184.341 117.492
2457 184.222 116.833
2458 184.098 116.181
2459 183.97 115.535
2460 183.838 114.894
2461 183.715 114.254
2462 183.579 113.628
2463 183.45 113.004
2464 183.33 112.381
2465 183.212 111.758
2466 183.098 111.137
2467 182.994 110.519
2468 182.896 109.901
2469 182.809 109.269
2470 182.73 108.635
2471 182.66 108.001
2472 182.596 107.376
2473 182.539 106.754
2474 182.486 106.135
2475 182.443 105.514
2476 182.4 104.901
2477 182.363 104.292
2478 182.327 103.688
2479 182.292 103.091
2480 182.26 102.511
2481 182.226 101.943
2482 182.197 101.381
2483 182.179 100.826
2484 182.171 100.283
2485 182.178 99.7459
2486 182.198 99.2155
2487 182.231 98.6959
2488 182.282 98.1787
2489 182.352 97.6645
2490 182.434 97.1673
2491 182.534 96.674
2492 182.654 96.1839
2493 182.795 95.6978
2494 182.956 95.2166
2495 183.13 94.7379
2496 183.319 94.2657
2497 183.515 93.8042
2498 183.714 93.3556
2499 183.915 92.9203
2500 184.113 92.4988
2501 184.311 92.091
2502 184.508 91.6903
2503 184.706 91.3041
2504 184.904 90.932
2505 185.106 90.567
2506 185.308 90.2152
2507 185.51 89.8776
2508 185.711 89.5542
2509 185.91 89.2448
2510 186.114 88.9476
2511 186.321 88.6621
2512 186.537 88.3862
2513 186.758 88.1199
2514 186.988 87.8624
2515 187.226 87.6136
2516 187.471 87.3731
2517 187.724 87.1412
2518 187.98 86.9182
2519 188.239 86.704
2520 188.495 86.4989
2521 188.75 86.303
2522 189.005 86.1156
2523 189.257 85.9367
2524 189.504 85.7662
2525 189.744 85.6038
2526 189.976 85.4492
2527 190.198 85.3024
2528 190.411 85.1631
2529 190.613 85.0312
2530 190.805 84.9066
2531 190.985 84.7891
2532 191.155 84.6782
2533 191.314 84.5737
2534 191.464 84.475
2535 191.61 84.3813
2536 191.764 84.2861
2537 191.912 84.1965
2538 192.016 84.1158
2539 192.116 84.0391
2540 192.226 83.9639
2541 192.346 83.8899
2542 192.444 83.8225
2543 192.549 83.7566
2544 192.632 83.6993
2545 192.734 83.6399
2546 192.83 83.584
2547 192.921 83.5308
2548 193.016 83.4789
2549 193.112 83.4285
2550 194.032 82.9527
2551 194.105 82.9487
2552 193.094 83.061
2553 193.187 83.0322
2554 193.714 82.9381
2555 194.224 82.8455
2556 193.709 82.93
2557 194.102 82.861
2558 193.557 83.0208
2559 194.27 82.8597
2560 194.187 82.8766
2561 194.161 82.8715
2562 194.395 82.8278
2563 194.572 82.792
2564 195.22 82.6759
