912 194.875 83.4433
913 192.771 83.7803
914 193.554 88.1403
915 193.29 83.576
916 193.22 88.4086
917 192.165 88.4319
918 189.971 88.9634
919 189.359 89.0959
920 190.964 83.9992
921 191.651 88.5355
922 192.729 88.5036
923 189.013 89.1704
924 186.793 89.572
925 187.112 89.5025
926 184.848 90.0054
927 182.865 90.5721
928 181.676 90.8586
929 182.326 90.7026
930 183.271 90.4837
931 185.692 89.9244
932 186.023 89.8461
933 185.371 89.997
934 184.526 90.1923
935 184.349 90.1262
936 184.449 90.205
937 183.977 90.3142
938 184.684 90.1489
939 184.329 90.2316
940 184.047 90.2951
941 183.844 90.3421
942 183.924 90.3208
943 183.187 90.3831
944 184.822 90.1117
945 184.332 90.2239
946 184.972 90.0755
947 184.865 90.1
948 185.402 89.9777
949 185.702 89.9088
950 186.667 89.6913
951 185.181 90.1291
952 185.551 90.0428
953 186.329 89.8624
954 186.705 89.8848
955 186.96 89.7186
956 185.147 90.0365
957 186.17 89.8063
958 185.297 85.0724
959 185.611 84.9899
960 184.607 90.2643
961 185.089 90.1513
962 185.54 85.0526
963 186.065 89.9278
964 186.594 84.6894
965 187.217 89.5784
966 187.491 84.603
967 187.345 84.5368
968 188.098 89.3878
969 188.494 89.303
970 188.29 84.3192
971 187.947 84.5061
972 188.017 84.4897
973 188.53 84.4341
974 187.69 84.4375
975 188.449 84.4294
976 188.344 84.429
977 187.243 84.5953
978 188.004 84.5149
979 187.291 84.5851
980 186.949 84.6611
981 188.17 84.46
982 186.092 84.7343
983 187.721 84.5296
984 186.559 84.7842
985 186.083 84.8877
986 184.402 85.2837
987 184.804 85.1914
988 184.539 85.2541
989 184.819 85.1863
990 186.003 85.1192
991 185.985 85.4019
992 186.531 85.4707
993 186.895 85.3621
994 186.927 85.3622
995 186.29 85.307
996 186.603 85.229
997 187.138 85.0972
998 187.01 85.1126
999 187.269 85.0496
1000 187.704 84.9733
1001 187.698 84.9008
1002 187.856 84.8209
1003 186.431 85.6298
1004 186.83 85.5419
1005 186.849 90.634
1006 185.961 86.1173
1007 185.706 86.1787
1008 186.593 91.5919
1009 188.276 86.7144
1010 188.761 92.3126
1011 188.808 92.6885
1012 188.64 92.7734
1013 188.842 92.8607
1014 189.862 87.6996
1015 189.274 92.885
1016 189.224 93.0803
1017 189.582 87.8275
1018 189.56 92.9186
1019 190.296 93.1216
1020 190.231 93.14
1021 190.295 93.1205
1022 190.347 93.0912
1023 190.509 93.3783
1024 191.237 88.1922
1025 190.784 93.2165
1026 190.937 93.6892
1027 191.355 93.7739
1028 191.526 94.3661
1029 192.526 89.0272
1030 191.734 95.4337
1031 191.482 90.8835
1032 191.454 90.924
1033 191.644 90.7579
1034 191.684 90.7628
1035 192.016 90.7477
1036 192.16 90.6615
1037 191.035 97.0502
1038 191.311 96.8776
1039 191.741 91.6928
1040 191.876 91.8845
1041 190.753 93.2662
1042 190.833 93.5606
1043 190.216 94.6658
1044 189.45 95.0354
1045 189.846 101.071
1046 189.936 100.951
1047 190.132 101.661
1048 190.655 101.771
1049 190.774 103.221
1050 191.292 102.568
1051 191.126 101.91
1052 191.653 101.922
1053 192.096 102.844
1054 192.244 102.603
1055 192.614 96.2718
1056 192.659 96.1034
1057 192.705 96.0164
1058 193.104 95.9842
1059 191.686 98.4103
1060 191.921 98.8199
1061 190.755 101.008
1062 191.462 100.423
1063 191.223 101.34
1064 191.301 102.112
1065 191.191 103.217
1066 190.463 105.001
1067 190.966 105.038
1068 190.74 105.77
1069 189.871 107.61
1070 190.079 107.546
1071 190.374 108.002
1072 189.013 107.337
1073 188.5 109.778
1074 189.683 108.55
1075 189.191 109.146
1076 188.803 111.096
1077 188.57 104.461
1078 189.445 104.09
1079 189.556 103.856
1080 188.067 107.522
1081 188.114 108.052
1082 189.58 105.764
1083 189.937 106.339
1084 188.099 108.771
1085 190.113 107.742
1086 189.292 109.609
1087 188.986 103.357
1088 190.956 109.227
1089 188.398 112.197
1090 188.441 114.545
1091 188.061 115.876
1092 188.085 115.874
1093 189.357 109.99
1094 189.091 108.955
1095 187.191 118.196
1096 188.771 111.716
1097 190.041 110.076
1098 190.484 102.858
1099 190.067 103.563
1100 189.512 105.42
1101 190.156 98.3989
1102 190.198 103.271
1103 190.192 103.432
1104 190.114 105.855
1105 189.961 106.221
1106 189.932 111.373
1107 189.987 109.497
1108 189.817 109.726
1109 189.597 113.409
1110 189.535 116.898
1111 189.057 116.783
1112 190.113 116.113
1113 189.528 121.483
1114 189.528 121.392
1115 188.85 121.032
1116 189.042 122.647
1117 187.312 122.032
1118 187.193 122.625
1119 187.046 127.093
1120 188.594 129.034
1121 187.754 128.135
1122 187.639 128.177
1123 187.329 128.586
1124 187.296 129.041
1125 187.162 129.319
1126 186.882 129.69
1127 186.759 129.88
1128 186.665 129.919
1129 186.85 124.906
1130 186.583 129.657
1131 186.463 125.142
1132 186.453 130.27
1133 186.266 130.166
1134 186.405 130.418
1135 185.943 134.452
1136 186.009 134.479
1137 186.236 134.605
1138 185.794 139.158
1139 185.517 138.826
1140 185.456 143.837
1141 185.421 138.817
1142 185.767 138.07
1143 185.771 137.732
1144 185.711 137.978
1145 185.443 138.098
1146 185.284 138.601
1147 185.197 138.669
1148 185.28 138.648
1149 184.869 138.792
1150 184.875 138.789
1151 185.159 138.315
1152 185.068 143.638
1153 185.078 138.237
1154 185 136.971
1155 184.772 137.336
1156 184.429 137.459
1157 184.405 137.527
1158 184.318 137.67
1159 184.006 137.871
1160 184.083 138.103
1161 183.915 134.054
1162 183.838 134.192
1163 183.95 129.486
1164 184.26 134.597
1165 183.782 126.021
1166 183.085 130.938
1167 182.834 131.227
1168 182.937 131.301
1169 183.165 126.671
1170 183.104 126.614
1171 183.197 126.523
1172 183.263 126.614
1173 183.697 122.745
1174 184.476 122.927
1175 187.063 121.918
1176 184.749 121.703
1177 183.938 121.364
1178 184.78 121.838
1179 184.53 127.567
1180 183.533 119.154
1181 183.966 127.768
1182 183.674 125.056
1183 182.85 116.213
1184 182.408 111.86
1185 181.878 110.222
1186 180.603 108.492
1187 180.992 115.846
1188 181.445 108.691
1189 180.263 123.886
1190 180.961 115.82
1191 180.328 122.029
1192 180.57 121.948
1193 180.136 130.737
1194 180.408 120.542
1195 179.349 127.221
1196 179.07 124.807
1197 181.963 118.761
1198 181.422 124.991
1199 178.734 119.545
1200 178.744 112.005
1201 178.193 119.542
1202 178.118 118.861
1203 178.194 117.04
1204 178.348 116.695
1205 178.36 114.37
1206 178.325 113.754
1207 178.227 113.243
1208 178.19 120.221
1209 178.055 119.676
1210 178.1 118.858
1211 178.065 117.226
1212 178.273 117.032
1213 178.41 115.603
1214 178.149 114.077
1215 178.475 113.649
1216 178.672 112.356
1217 178.57 110.73
1218 178.867 110.542
1219 179 109.498
1220 179.133 109.275
1221 178.462 108.798
1222 178.772 108.434
1223 178.914 108.338
1224 179.124 108.147
1225 179.284 107.087
1226 179.588 106.769
1227 180.112 106.022
1228 180.544 105.629
1229 175.795 107.712
1230 180.157 112.252
1231 180.191 103.998
1232 180.156 109.27
1233 180.39 109.067
1234 175.863 112.135
1235 180.574 107.55
1236 180.802 106.735
1237 177.702 108.95
1238 179.626 106.382
1239 179.755 105.215
1240 180.869 98.2717
1241 180.513 98.2041
1242 180.445 97.8666
1243 180.546 97.2851
1244 180.61 103.684
1245 180.856 103.053
1246 180.946 103.005
1247 181.096 102.907
1248 181.76 95.7241
1249 182.193 101.161
1250 182.387 94.9192
1251 183.208 93.3135
1252 183.084 92.379
1253 182.204 98.5309
1254 180.392 99.1298
1255 180.874 92.4654
1256 178.655 93.2623
1257 179.149 93.0229
1258 179.357 98.9288
1259 179.255 99.0061
1260 178.13 99.0173
1261 177.702 98.5346
1262 178.736 98.3818
1263 179.704 92.0118
1264 178.997 97.5854
1265 179.76 97.2002
1266 180.55 95.9591
1267 180.988 95.3281
1268 184.944 92.276
1269 184.856 92.1763
1270 185.766 91.5782
1271 185.416 91.2541
1272 185.16 85.5058
1273 185.712 85.1421
1274 186.078 85.062
1275 186.895 84.8942
1276 186.129 84.711
1277 187.073 84.4368
1278 188.006 84.3786
1279 188.033 84.4694
1280 187.724 84.5252
1281 187.897 84.393
1282 187.889 84.4085
1283 187.807 84.3382
1284 187.254 84.162
1285 186.808 84.11
1286 187.807 83.9741
1287 187.158 84.0239
1288 187.295 83.9189
1289 188.214 83.8803
1290 187.506 83.8772
1291 187.941 83.8599
1292 188.751 83.842
1293 188.842 83.8257
1294 188.652 83.8514
1295 188.975 83.7858
1296 189.331 83.7218
1297 188.933 83.7994
1298 189.005 83.7745
1299 189.744 83.6242
1300 189.338 83.5706
1301 189.444 83.675
1302 189.226 83.6017
1303 189.596 83.5319
1304 189.316 83.5402
1305 190.055 83.4538
1306 189.943 83.4821
1307 189.79 83.5088
1308 189.697 83.4767
1309 189.701 83.4696
1310 190.045 83.404
1311 191.011 83.2714
1312 191.344 83.2094
1313 191.396 83.1946
1314 190.812 83.2654
1315 191.673 83.1395
1316 191.332 83.1773
1317 192.045 83.0441
1318 192.264 83.0043
1319 193.175 82.8915
1320 193.317 82.8729
1321 193.638 82.8198
1322 194.379 82.8038
1323 193.817 82.776
1324 193.088 88.8373
1325 193.73 88.7403
1326 194.067 88.6545
1327 193.84 88.7077
1328 194.804 88.4729
1329 193.4 88.7465
1330 194.641 88.4522
1331 192.523 89.2303
1332 194.505 88.7803
1333 194.677 88.7379
1334 195.826 83.3881
1335 192.608 89.5091
1336 193.651 84.2044
1337 192.412 84.7937
1338 192.608 89.894
1339 188.022 86.8854
1340 185.583 93.3754
1341 186.173 93.4839
1342 186.91 88.9774
1343 186.477 89.3845
1344 185.761 89.2653
1345 186.635 89.2583
1346 185.711 89.484
1347 186.722 89.6975
1348 187.048 89.5108
1349 187.243 89.432
1350 187.318 89.4064
1351 186.477 94.4637
1352 187.027 94.6384
1353 187.255 89.717
1354 187.942 94.8445
1355 188.148 89.6494
1356 187.897 89.7776
1357 187.872 94.855
1358 188.098 89.6649
1359 189.184 89.4586
1360 189.553 89.2663
1361 189.545 94.3535
1362 189.626 94.3073
1363 191.298 88.9772
1364 191.07 89.1032
1365 191.334 89.4918
1366 190.423 90.5203
1367 191.15 90.2963
1368 191.147 90.3078
1369 189.011 92.8291
1370 188.862 93.3359
1371 188.89 93.2287
1372 189.27 92.987
1373 189.556 92.8077
1374 190.064 92.748
1375 190.172 92.6081
1376 190.348 92.4173
1377 189.949 93.2217
1378 190.841 92.8707
1379 190.706 92.8314
1380 191.384 92.6764
1381 191.66 92.7058
1382 190.813 94.0415
1383 191.232 93.6443
1384 190.915 94.8776
1385 190.843 94.9828
1386 190.554 95.0194
1387 190.067 101.52
1388 189.773 101.472
1389 190.23 97.2582
1390 190.316 97.1879
1391 190.142 103.116
1392 191.179 102.873
1393 191.262 103.156
1394 190.24 103.425
1395 190.732 102.813
1396 191.817 103.458
1397 192.561 98.4169
1398 192.6 98.0371
1399 192.438 97.3249
1400 192.29 97.6374
1401 192.196 97.7091
1402 191.542 98.9293
1403 191.384 99.6565
1404 191.113 101.23
1405 191.453 101.496
1406 191.612 102.064
1407 191.334 102.997
1408 191.564 102.816
1409 190.522 105.737
1410 190.057 108.358
1411 189.237 108.816
1412 189.077 110.249
1413 188.013 110.607
1414 187.963 110.444
1415 188.073 112.232
1416 188.432 111.445
1417 188.293 113.101
1418 188.197 113.294
1419 188.02 113.464
1420 187.905 115.741
1421 187.719 116.726
1422 187.201 117.062
1423 187.914 116.862
1424 188.7 116.707
1425 188.547 118.687
1426 187.964 115.031
1427 187.826 116.932
1428 188.771 124.326
1429 188.215 117.201
1430 188.933 119.901
1431 187.879 121.309
1432 187.818 121.878
1433 187.64 125.204
1434 188.076 122.356
1435 187.692 122.55
1436 188.255 120.413
1437 188.121 121.84
1438 187.899 121.994
1439 188.097 116.43
1440 188.043 118.002
1441 190.257 119.86
1442 189.791 134.337
1443 190.279 123.133
1444 188.265 128.188
1445 190.651 117.177
1446 191.334 120.23
1447 191.831 118.9
1448 191.558 123.216
1449 191.053 122.378
1450 190.678 124.991
1451 190.281 125.94
1452 191.69 119.531
1453 191.122 118.27
1454 190.997 125.566
1455 191.658 115.035
1456 188.518 118.772
1457 187.311 129.459
1458 188.494 124.068
1459 190.654 123.523
1460 188.286 125.315
1461 190.125 128.213
1462 188.19 128.066
1463 187.273 128.877
1464 187.129 129.212
1465 187.665 133.742
1466 187.429 129.091
1467 187.524 137.923
1468 188.082 132.195
1469 188.549 131.051
1470 188.676 130.139
1471 191.516 128.72
1472 188.327 130.335
1473 188.546 129.547
1474 188.395 130.214
1475 188.958 129.282
1476 188.472 123.462
1477 187.88 129.595
1478 188.392 123.277
1479 188.375 122.572
1480 188.233 121.688
1481 188.114 117.901
1482 187.824 118.547
1483 187.611 124.858
1484 187.578 120.849
1485 187.203 122.029
1486 186.834 117.751
1487 186.639 118.128
1488 185.96 119.466
1489 184.57 129.806
1490 186.013 119.722
1491 185.492 129.377
1492 185.617 124.53
1493 186.816 118.676
1494 186.331 118.394
1495 185.616 129.562
1496 185.142 120.183
1497 185.239 116.748
1498 185.701 126.408
1499 185.805 122.978
1500 185.064 129.493
1501 183.051 135.603
1502 182.117 131.236
1503 181.787 129.296
1504 181.68 123.316
1505 180.981 132.205
1506 182.15 122.32
1507 180.97 129.748
1508 180.941 129.396
1509 181.415 129.566
1510 182.885 125.68
1511 181.371 127.671
1512 180.499 122.1
1513 180.32 130.16
1514 181.852 123.88
1515 182.818 123.787
1516 181.788 121.545
1517 181.97 121.368
1518 182.293 119.179
1519 182.851 118.256
1520 181.44 119.664
1521 181.966 117.113
1522 182.85 114.86
1523 183.259 113.687
1524 183.418 113.712
1525 184.629 109.505
1526 184.754 108.935
1527 185.467 107.226
1528 186.594 104.39
1529 186.912 103.196
1530 187.398 100.909
1531 187.189 101.194
1532 186.804 100.494
1533 187.346 99.6415
1534 187.503 99.4734
1535 187.762 98.4389
1536 187.259 105.733
1537 188.243 96.9704
1538 188.914 96.2381
1539 189.587 95.503
1540 190.021 95.028
1541 189.901 94.462
1542 185.024 97.367
1543 185.552 96.1219
1544 185.328 96.4585
1545 188.999 100.823
1546 189.075 100.738
1547 188.923 100.506
1548 188.47 100.651
1549 184.272 105.02
1550 189.312 99.1388
1551 184.695 103.399
1552 184.516 103.348
1553 184.289 96.2142
1554 184.091 95.5742
1555 188.25 93.2303
1556 187.83 93.6866
1557 183.905 95.1311
1558 183.962 95.2041
1559 185.263 93.5175
1560 185.439 93.0495
1561 185.384 93.4832
1562 185.903 92.4658
1563 186.536 91.9648
1564 186.443 91.8153
1565 186.569 98.6395
1566 186.691 98.6305
1567 187.348 90.8781
1568 187.543 90.7865
1569 187.627 90.7154
1570 188.37 89.9941
1571 188.612 89.8964
1572 188.818 89.8462
1573 189.381 89.2014
1574 189.327 89.2124
1575 188.829 89.5087
1576 189.566 88.7122
1577 189.613 88.8073
1578 190.069 88.0326
1579 190.399 87.9211
1580 190.773 87.4246
1581 189.607 93.7908
1582 188.181 88.3058
1583 188.825 87.7906
1584 188.869 87.804
1585 188.923 87.8953
1586 186.414 88.869
1587 186.561 88.8044
1588 186.835 88.7521
1589 186.689 88.8142
1590 185.638 88.7294
1591 186.049 88.5993
1592 186.397 88.4347
1593 186.662 88.1962
1594 186.512 88.2954
1595 186.535 87.9324
1596 187.131 87.7201
1597 186.966 87.0305
1598 185.242 87.1533
1599 186.017 86.0344
1600 187.481 85.1801
1601 189.423 84.7095
1602 188.072 84.751
1603 188.447 84.6689
1604 185.696 85.0019
1605 184.116 85.3074
1606 184.105 85.3268
1607 185.617 85.0035
1608 187.013 84.7531
1609 187.54 84.6248
1610 186.222 90.1769
1611 186.538 84.4536
1612 185.977 84.5359
1613 185.21 84.6293
1614 185.164 84.5528
1615 185.607 84.5604
1616 186.027 84.483
1617 186.754 84.3352
1618 187.192 84.1921
1619 187.785 84.1502
1620 187.874 89.6328
1621 188.821 83.8776
1622 189.394 83.8356
1623 189.688 83.7703
1624 190.39 83.6269
1625 190.628 83.5742
1626 191.046 83.4915
1627 191.513 83.4151
1628 191.891 83.3351
1629 192.55 83.2014
1630 192.98 83.0732
1631 193.449 83.035
1632 193.138 83.0856
1633 193.165 83.0839
1634 193.424 83.0205
1635 193.734 82.9643
1636 193.745 82.9644
1637 193.597 83.0334
1638 193.694 83.024
1639 193.526 83.0574
1640 194.343 82.8736
1641 194.248 82.9422
1642 194.767 82.9136
1643 195.077 82.8281
1644 194.999 82.8977
1645 194.893 82.9143
1646 194.76 83.1539
1647 192.912 89.052
1648 192.522 83.8303
1649 192.435 83.8447
1650 193.565 83.4406
1651 192.081 83.9346
1652 193.447 83.4785
1653 189.862 84.887
1654 189.686 84.9371
1655 190.76 84.4566
1656 188.777 85.291
1657 187.935 85.5413
1658 188.222 85.4628
1659 185.586 91.8953
1660 185.781 87.8018
1661 185.762 88.6259
1662 184.661 89.0106
1663 184.71 89.491
1664 184.78 89.4519
1665 184.888 89.4396
1666 185.028 89.9085
1667 184.704 90.0915
1668 185.165 90.5017
1669 185.237 90.4481
1670 185.339 90.4357
1671 185.026 96.4023
1672 185.157 96.3357
1673 185.193 91.146
1674 184.832 96.511
1675 184.918 96.4649
1676 184.736 96.8481
1677 185.051 97.2323
1678 185.308 91.9307
1679 186.129 97.0966
1680 187.199 91.7681
1681 187.233 92.1872
1682 186.029 93.5502
1683 184.37 95.3883
1684 185.497 95.9712
1685 184.889 96.1562
1686 185.629 96.0041
1687 185.879 96.1235
1688 185.877 96.0981
1689 186.434 95.9679
1690 186.249 95.2928
1691 186.392 96.4752
1692 186.627 95.4652
1693 186.753 95.8505
1694 186.953 95.6699
1695 187.506 95.6061
1696 186.552 97.5396
1697 186.785 97.2545
1698 186.379 98.2971
1699 186.322 98.9412
1700 186.285 99.5473
1701 186.327 100.757
1702 186.425 105.893
1703 185.56 100.464
1704 186.323 99.5729
1705 186.397 105.904
1706 186.503 106.426
1707 186.703 106.192
1708 186.902 106.002
1709 185.457 107.246
1710 187.976 104.581
1711 188.587 100.014
1712 188.793 105.296
1713 189.63 98.6046
1714 189.024 98.6047
1715 189.64 98.5526
1716 188.186 99.3393
1717 187.659 100.611
1718 189.045 101.204
1719 187.019 102.693
1720 188.45 102.478
1721 188.639 103.842
1722 188.586 104.451
1723 188.13 105.848
1724 187.904 107.118
1725 187.251 108.643
1726 187.845 108.127
1727 187.704 109.178
1728 187.27 110.384
1729 187.315 110.017
1730 187.042 111.824
1731 187.546 110.042
1732 187.221 111.201
1733 187.105 111.247
1734 186.905 112.393
1735 186.718 114.301
1736 186.671 114.375
1737 187.511 107.234
1738 186.957 114.045
1739 187.782 108.235
1740 186.83 115.858
1741 187.818 108.806
1742 187.999 109.244
1743 187.195 110
1744 187.333 111.648
1745 188.056 112.633
1746 185.973 115.848
1747 185.979 118.084
1748 186.198 119.983
1749 188.447 119.009
1750 187.77 113.064
1751 187.014 123.416
1752 189.01 111.771
1753 188.322 118.798
1754 188.192 113.804
1755 188.39 115.964
1756 188.107 121.82
1757 188.851 119.721
1758 190.299 110.526
1759 189.948 117.685
1760 190.01 110.318
1761 190.12 104.53
1762 189.784 114.422
1763 189.888 107.215
1764 190.336 105.765
1765 190.203 114.648
1766 190.644 108.371
1767 190.842 119.098
1768 191.432 109.429
1769 191.173 122.919
1770 191.249 113.965
1771 190.838 119.422
1772 189.246 118.124
1773 190.261 126.053
1774 189.873 125.243
1775 188.311 123.499
1776 188.842 118.761
1777 188.157 123.653
1778 189.963 116.473
1779 188.142 118.465
1780 188.086 114.513
1781 188.45 118.352
1782 188.436 113.48
1783 188.637 112.125
1784 190.934 112.866
1785 188.588 115.737
1786 188.173 114.797
1787 187.921 113.996
1788 188.045 114.268
1789 187.631 110.355
1790 187.303 120.011
1791 187.044 111.852
1792 186.076 121.025
1793 186.662 119.747
1794 186.265 111.834
1795 185.666 112.396
1796 188.457 110.602
1797 185.519 120.978
1798 185.217 121.56
1799 184.76 122.56
1800 184.526 123.192
1801 184.361 123.971
1802 184.644 124.143
1803 185.006 120.03
1804 185.027 112.136
1805 184.517 120.854
1806 185.328 120.921
1807 188.258 115.968
1808 184.295 118.276
1809 184.634 115.191
1810 184.613 114.855
1811 184.487 112.113
1812 184.229 107.206
1813 184.061 111.119
1814 184.681 104.584
1815 183.989 108.6
1816 183.726 109.999
1817 183.775 109.425
1818 184.003 109.096
1819 183.605 117.512
1820 183.621 116.88
1821 183.237 119.299
1822 182.911 117.209
1823 184.232 114.099
1824 183.181 117.152
1825 183.803 118.037
1826 183.426 116.72
1827 183.145 116.428
1828 182.992 114.691
1829 183.41 112.159
1830 183.288 110.602
1831 182.357 116.035
1832 182.271 115.503
1833 184.144 113.079
1834 183.12 119.566
1835 181.652 113.976
1836 182.319 113.706
1837 181.861 113.747
1838 181.79 112.35
1839 182.355 111.635
1840 181.792 110.428
1841 181.598 116.586
1842 182.803 107.204
1843 181.942 116.095
1844 183.161 106.711
1845 181.896 114.506
1846 181.92 112.378
1847 182.493 112.325
1848 183.022 109.523
1849 183.663 108.606
1850 183.458 107.133
1851 183.843 105.449
1852 183.876 105.498
1853 183.787 104.747
1854 183.509 103.586
1855 183.795 103.118
1856 184.013 101.97
1857 184.3 101.514
1858 184.529 101.264
1859 180.529 103.308
1860 180.84 103.207
1861 184.767 100.185
1862 184.855 99.5074
1863 184.031 106.692
1864 184.453 105.627
1865 182.047 100.137
1866 181.048 107.634
1867 181.286 106.926
1868 181.112 106.626
1869 181.767 104.817
1870 182.305 97.2952
1871 182.937 95.9956
1872 182.727 95.7809
1873 183.958 94.1244
1874 184.382 93.4951
1875 184.328 93.2389
1876 184.382 92.8445
1877 184.455 99.6813
1878 184.926 92.1582
1879 185.033 92.0927
1880 184.991 92.1796
1881 185.575 91.4585
1882 186.336 90.6897
1883 186.143 97.5516
1884 188.288 88.7772
1885 187.901 88.7977
1886 188.627 88.2448
1887 186.973 88.6513
1888 185.169 89.3914
1889 185.057 89.4847
1890 182.973 90.2707
1891 183.346 90.1059
1892 182.658 90.2686
1893 183.245 90.3343
1894 182.036 90.2554
1895 182.263 90.2104
1896 182.316 90.1996
1897 182.364 89.9824
1898 182.424 90.0055
1899 182.392 89.561
1900 182.228 89.2043
1901 181.911 88.8421
1902 181.018 88.2672
1903 180.279 87.6354
1904 179.971 87.7328
1905 179.886 87.0907
1906 184.614 85.2544
1907 184.566 85.3933
1908 185.494 84.8722
1909 185.846 84.8197
1910 185.704 84.8625
1911 185.366 84.9758
1912 182.902 84.9854
1913 183.782 84.779
1914 183.703 84.7994
1915 183.338 84.7955
1916 183.515 84.7621
1917 184.075 84.6505
1918 184.141 84.6267
1919 184.995 84.4611
1920 185.252 84.4058
1921 185.96 84.2974
1922 186.636 84.1671
1923 186.442 84.2194
1924 186.672 84.1848
1925 186.967 84.1254
1926 186.437 84.244
1927 186.995 84.142
1928 187.525 84.0493
1929 187.944 83.9753
1930 188.245 83.9129
1931 187.672 84.0143
1932 188.226 83.9229
1933 188.457 83.8715
1934 187.898 83.977
1935 188.466 83.8831
1936 189.139 83.7688
1937 189.447 83.7342
1938 189.596 83.6996
1939 189.538 83.7175
1940 189.384 83.7411
1941 189.47 83.7193
1942 189.374 83.8043
1943 189.912 83.6405
1944 189.742 83.7478
1945 189.716 83.7602
1946 189.144 83.8824
1947 187.834 84.2314
1948 188.061 84.1964
1949 186.618 84.8648
1950 186.43 85.0087
1951 184.764 85.4282
1952 184.829 85.4168
1953 186.03 85.203
1954 183.157 86.3789
1955 182.92 86.4522
1956 183.584 86.3887
1957 182.279 86.2427
1958 179.863 87.5155
1959 180.328 87.9454
1960 181.137 87.8394
1961 179.034 89.6623
1962 179.042 91.4857
1963 179.181 91.4154
1964 178.255 91.0709
1965 179.675 91.5626
1966 179.608 91.6063
1967 181.024 91.5486
1968 181.104 91.5409
1969 181.275 91.7481
1970 181.522 91.6341
1971 181.773 91.5098
1972 181.969 91.7398
1973 183.033 91.7237
1974 183.632 91.4302
1975 184.975 90.951
1976 185.205 90.872
1977 186.949 90.6076
1978 187.654 90.3278
1979 187.886 90.428
1980 188.686 90.2148
1981 189.23 90.5625
1982 189.168 91.0283
1983 188.527 91.8744
1984 188.705 91.7514
1985 186.523 94.3993
1986 186.409 95.0864
1987 186.675 94.8324
1988 187.177 94.726
1989 187.431 94.5912
1990 187.951 94.5281
1991 188.086 94.3317
1992 188.436 94.5268
1993 188.508 94.8996
1994 189.458 94.2199
1995 189.394 94.6704
1996 189.365 94.9314
1997 188.536 96.3268
1998 187.856 97.6201
1999 188.432 97.5929
2000 188.539 97.5318
2001 188.954 97.669
2002 190.194 97.8646
2003 190.481 98.0132
2004 190.859 97.4833
2005 190.188 98.8904
2006 190.879 99.005
2007 190.009 99.6143
2008 191.262 99.181
2009 190.81 100.459
2010 191.724 99.2442
2011 190.735 99.0715
2012 192.127 99.4945
2013 191.101 99.4448
2014 191.191 99.1836
2015 190.885 100.176
2016 191.664 100.331
2017 190.803 102.55
2018 190.153 102.16
2019 190.145 103.152
2020 190.086 102.812
2021 190.741 104.286
2022 189.929 104.766
2023 190.582 100.069
2024 190.027 105.742
2025 189.989 99.5491
2026 190.914 100.559
2027 190.231 106.673
2028 191.068 101.232
2029 191.012 102.437
2030 190.777 102.526
2031 190.463 102.719
2032 190.435 103.619
2033 189.988 107.693
2034 189.561 105.197
2035 189.068 107.087
2036 188.722 113.066
2037 188.791 107.867
2038 188.218 113.31
2039 188.084 114.959
2040 186.957 114.069
2041 187.584 115.38
2042 186.545 116.125
2043 186.292 116.22
2044 186.372 117.853
2045 186.748 117.935
2046 186.546 122.152
2047 186.549 124.309
2048 187.225 128.497
2049 187.195 128.788
2050 187.253 131.621
2051 187.13 122.772
2052 187.201 122.976
2053 187.352 125.813
2054 187.403 126.35
2055 187.563 126.29
2056 187.402 126.401
2057 187.502 126.941
2058 187.522 130.2
2059 188.113 121.236
2060 188.633 119.007
2061 187.88 135.27
2062 188.613 130.799
2063 188.527 129.957
2064 188.448 130.106
2065 188.521 124.835
2066 188.839 132.155
2067 189.226 126.912
2068 189.259 120.516
2069 189.559 121.593
2070 189.433 122.06
2071 188.696 127.635
2072 188.167 127.509
2073 188.74 119.1
2074 188.388 128.393
2075 188.401 127.157
2076 188.452 127.438
2077 188.212 127.374
2078 189.129 118.299
2079 188.524 132.239
2080 187.875 127.832
2081 189.855 116.75
2082 189.258 123.753
2083 189.054 123.843
2084 185.505 129.651
2085 184.947 125.997
2086 185.317 126.346
2087 184.443 126.489
2088 188.831 125.675
2089 189.861 116.433
2090 188.604 126.251
2091 188.431 126.448
2092 187.454 126.584
2093 187.586 127.145
2094 183.231 128.006
2095 188.425 126.774
2096 189.019 125.507
2097 183.512 127.19
2098 189.175 125.941
2099 183.42 126.334
2100 189.175 124.981
2101 183.473 126.418
2102 183.514 126.353
2103 183.865 126.447
2104 189.345 125.59
2105 188.437 125.813
2106 189.207 125.565
2107 183.573 126.515
2108 183.78 125.881
2109 188.734 124.807
2110 190.085 123.244
2111 190.713 121.109
2112 190.061 120.836
2113 190.534 121.71
2114 190.576 117.363
2115 190.259 118.028
2116 190.156 118.316
2117 190.1 123.807
2118 189.333 124.517
2119 190.074 128.793
2120 184.07 136.288
2121 184.397 136.078
2122 184.914 126.704
2123 190.08 125.475
2124 184.085 137.198
2125 184.863 131.884
2126 184.564 132.154
2127 184.127 128.868
2128 184.096 129.112
2129 183.797 126.429
2130 183.45 123.648
2131 188.183 127.902
2132 181.678 125.464
2133 181.731 125.354
2134 181.544 122.819
2135 181.585 122.793
2136 181.26 122.567
2137 181.639 122.315
2138 180.712 131.638
2139 180.49 129.166
2140 180.608 129.041
2141 180.872 128.824
2142 186.921 130.432
2143 186.814 128.749
2144 186.487 126.248
2145 185.887 123.005
2146 185.751 123.009
2147 185.563 121.429
2148 185.954 113.931
2149 186.098 113.55
2150 185.804 118.066
2151 180.324 120.413
2152 185.642 116.702
2153 180.359 117.246
2154 180.329 117.24
2155 181.103 116.14
2156 180.701 116.199
2157 181.173 108.218
2158 180.698 112.886
2159 180.542 112.626
2160 181.609 103.785
2161 181.424 103.564
2162 181.264 102.125
2163 181.534 100.879
2164 181.408 107.851
2165 180.817 106.563
2166 181.152 106.266
2167 181.512 105.81
2168 181.824 105.513
2169 182.084 104.652
2170 182.069 103.984
2171 182.483 102.986
2172 182.47 102.522
2173 182.68 102.378
2174 182.329 102.207
2175 182.182 101.781
2176 182.446 100.092
2177 182.847 99.1255
2178 183.227 98.2021
2179 183.469 97.9603
2180 183.712 97.2649
2181 184.312 95.7201
2182 184.36 95.7613
2183 184.6 95.1653
2184 185.249 94.1899
2185 186.008 93.2433
2186 186.146 93.1637
2187 186.41 92.6546
2188 186.186 92.4401
2189 186.65 91.2344
2190 185.949 91.1133
2191 185.858 91.2462
2192 183.833 98.0509
2193 181.48 93.266
2194 181.578 93.2319
2195 179.421 94.0204
2196 179.788 93.8358
2197 179.892 93.4388
2198 179.121 93.2721
2199 179.228 93.2705
2200 179.262 93.3273
2201 179.352 92.9531
2202 179.299 93.0114
2203 179.515 92.9123
2204 179.782 92.1019
2205 180.189 91.9769
2206 179.943 92.1567
2207 180.167 91.1615
2208 181.371 90.1098
2209 182.927 88.7522
2210 182.366 87.9168
2211 182.319 87.5908
2212 181.9 86.7622
2213 182.769 86.7824
2214 180.267 87.8302
2215 181.744 87.0653
2216 182.409 86.5598
2217 181.948 86.984
2218 181.85 87.042
2219 182.057 87.0324
2220 182.382 86.9185
2221 184.11 85.8852
2222 184.923 85.4391
2223 186.244 84.9109
2224 185.923 85.072
2225 186.125 85.028
2226 186.539 84.8482
2227 186.564 84.8522
2228 186.664 84.8282
2229 187.759 84.627
2230 189.275 83.9592
2231 189.564 84.2887
2232 190.003 83.8489
2233 190.272 83.7992
2234 190.242 83.8605
2235 191.604 83.2475
2236 192.611 83.0245
2237 192.366 83.0599
2238 191.492 83.6334
2239 192.329 83.1127
2240 192.508 83.0791
2241 193.925 82.7848
2242 192.594 83.4148
2243 193.576 83.1745
2244 194.394 82.7214
2245 194.997 82.6324
2246 195.564 82.5409
2247 194.493 82.7483
2248 195.535 82.5384
2249 196.547 82.6755
2250 197.356 82.5463
2251 197.613 82.5018
2252 196.036 82.4866
2253 195.078 82.8914
2254 196.914 82.9145
2255 197.329 82.8351
2256 198.011 82.6971
2257 195.335 82.8411
2258 196.979 82.9424
2259 197.383 82.8163
2260 193.97 83.1524
2261 196.966 82.9828
2262 194.278 83.0953
2263 196.429 88.0811
2264 194.489 83.0627
2265 193.247 83.3626
2266 192.825 83.5778
2267 191.122 83.9504
2268 189.408 90.3864
2269 190.612 80.1993
2270 189.858 85.3243
2271 189.457 85.4397
2272 189.01 85.562
2273 188.283 85.7725
2274 188.612 85.8759
2275 188.774 85.5205
2276 188.163 85.9919
2277 184.118 88.2364
2278 184.315 88.3107
2279 180.799 91.5614
2280 181.421 91.9246
2281 181.882 97.5413
2282 181.819 97.5836
2283 183.337 92.5037
2284 183.442 92.441
2285 183.135 97.7972
2286 183.614 92.6513
2287 183.46 92.7188
2288 183.403 98.2604
2289 183.474 98.2004
2290 181.389 98.2642
2291 183.573 98.4546
2292 181.31 98.2768
2293 183.758 98.942
2294 181.914 98.9292
2295 182.346 99.3089
2296 183.126 99.3841
2297 183.076 99.3802
2298 183.54 99.6412
2299 183.508 95.3586
2300 181.606 98.6913
2301 181.439 98.9887
2302 181.726 99.1813
2303 182.032 98.8653
2304 182.557 98.4424
2305 182.604 98.3589
2306 182.608 98.7575
2307 182.925 98.4841
2308 183.529 99.1375
2309 183.551 99.1358
2310 183.618 99.5242
2311 183.781 99.8413
2312 184.197 100.663
2313 184.379 100.904
2314 184.843 101.13
2315 184.579 101.88
2316 184.989 103.652
2317 184.434 103.56
2318 184.954 103.495
2319 185.524 103.92
2320 185.331 103.637
2321 186.318 97.2077
2322 186.016 105.09
2323 186.334 103.051
2324 186.329 104.687
2325 186.095 105.145
2326 186.258 106.009
2327 186.846 100.209
2328 186.165 106.325
2329 186.865 102.35
2330 186.706 108.466
2331 186.72 109.655
2332 186.593 111.015
2333 186.559 112.359
2334 186.102 111.29
2335 186.368 112.875
2336 186.127 112.893
2337 185.737 112.099
2338 185.853 113.087
2339 185.689 114.646
2340 185.641 114.52
2341 185.647 114.451
2342 186.207 115.618
2343 186.476 108.55
2344 186.597 117.964
2345 186.582 118.018
2346 186.497 120.067
2347 186.345 114.981
2348 186.118 119.584
2349 186.566 123.49
2350 186.115 122.39
2351 186.844 126.269
2352 186.563 125.937
2353 186.453 125.885
2354 186.338 120.929
2355 186.314 121.821
2356 186.452 120.509
2357 186.535 122.794
2358 187.185 122.978
2359 186.045 122.929
2360 186.962 132.905
2361 186.518 124.577
2362 186.643 136.242
2363 186.794 134.507
2364 187.142 126.169
2365 187.942 135.052
2366 187.107 130.112
2367 188.894 129.163
2368 189.042 129.599
2369 187.738 130.489
2370 189.032 129.723
2371 188.403 133.78
2372 187.612 130.084
2373 191.166 128.03
2374 187.823 130.086
2375 187.811 134.02
2376 187.947 133.9
2377 187.541 138.592
2378 188.567 136.558
2379 189.214 134.904
2380 188.77 134.737
2381 188.569 139.937
2382 188.587 139.861
2383 187.685 150.421
2384 188.177 155.335
2385 187.353 155.3
2386 188.071 160.192
2387 187.46 160.356
2388 187.389 160.414
2389 187.473 160.413
2390 186.863 159.294
2391 187.306 160.231
2392 186.578 159.275
2393 186.996 160.138
2394 186.258 159.051
2395 187.053 160.052
2396 187.179 159.929
2397 186.594 159.012
2398 186.866 159.825
2399 186.62 154.662
2400 186.544 154.684
2401 186.19 154.068
2402 188.961 150.107
2403 190.49 144.425
2404 190.109 144.024
2405 189.79 134.204
2406 189.392 138.15
2407 189.249 133.312
2408 189.244 133.338
2409 189.253 133.41
2410 188.814 125.654
2411 189.266 133.521
2412 189.577 133.47
2413 188.983 129.614
2414 188.651 129.365
2415 187.501 134.706
2416 182.932 130.933
2417 187.558 130.747
2418 187.837 124.091
2419 187.501 129.113
2420 188.364 129.752
2421 188.351 129.844
2422 188.064 129.793
2423 187.058 126.561
2424 187.809 126.853
2425 188.272 126.929
2426 188.068 135.908
2427 188.598 135.861
2428 189.467 126.829
2429 189.303 126.925
2430 189.271 131.395
2431 189.152 136.32
2432 189.6 128.295
2433 189.568 129.7
2434 187.92 124.065
2435 188.234 124.34
2436 187.27 125.723
2437 187.369 125.686
2438 179.901 128.623
2439 186.667 133.772
2440 186.493 133.198
2441 186.206 131.177
2442 185.98 131.086
2443 186.172 131.443
2444 185.656 129.594
2445 186.06 128.292
2446 185.179 125.365
2447 184.803 128.677
2448 184.936 128.247
2449 185.13 126.087
2450 185.161 125.866
2451 186.516 116.319
2452 184.834 122.068
2453 185.5 122.389
2454 185.11 120.713
2455 183.992 118.139
2456 185.176 118.059
2457 185.064 117.357
2458 184.156 116.583
2459 184.853 116.234
2460 176.644 119.753
2461 183.973 112.66
2462 184.831 111.766
2463 177.101 115.482
2464 177.388 113.841
2465 183.553 108.856
2466 183.692 107.263
2467 185.034 105.705
2468 184.215 105.441
2469 184.816 103.929
2470 184.338 103.38
2471 185.563 102.857
2472 185.574 102.783
2473 184.685 102.804
2474 179.214 105.643
2475 185.292 101.066
2476 179.136 104.277
2477 178.919 103.987
2478 179.13 103.65
2479 178.629 103.005
2480 179.39 100.925
2481 179.349 102.013
2482 179.331 107.297
2483 179.715 100.35
2484 180.064 99.4152
2485 181.771 91.0761
2486 181.689 97.3659
2487 181.86 96.8653
2488 182.082 95.5463
2489 181.896 95.6535
2490 181.926 95.3661
2491 182.021 95.297
2492 181.871 94.523
2493 182.229 88.4454
2494 184.989 91.0652
2495 184.105 90.9529
2496 181.074 92.1777
2497 182.728 91.563
2498 180.939 91.7923
2499 181.59 91.4275
2500 182.168 85.6021
2501 179.639 92.5685
2502 179.356 92.0126
2503 182.939 85.0061
2504 179.812 91.5677
2505 179.914 91.5215
2506 179.799 90.9943
2507 180.745 90.0538
2508 183.769 88.0525
2509 185.317 86.9514
2510 189.226 84.7811
2511 189.221 84.4602
2512 191.009 84.1084
2513 191.678 83.8812
2514 191.006 84.0402
2515 190.607 84.1571
2516 188.769 84.2671
2517 188.655 84.3866
2518 188.174 84.3466
2519 188.5 84.4878
2520 188.396 84.3594
2521 188.466 84.3239
2522 188.538 84.2083
2523 187.141 84.1999
2524 188.293 84.0406
2525 188.485 84.0041
2526 189.311 83.8303
2527 189.656 83.7264
2528 190.329 83.6073
2529 190.478 83.6211
2530 190.276 83.4615
2531 191.194 83.4508
2532 191.713 83.3265
2533 192.585 83.2166
2534 193.018 83.15
2535 192.568 83.233
2536 193.733 83.0326
2537 194.128 82.9639
2538 194.783 82.8577
2539 195.3 82.7463
2540 195.849 82.6489
2541 195.774 82.6638
2542 195.997 82.6196
2543 195.821 82.6537
2544 195.544 82.6823
2545 195.145 82.7703
2546 194.404 82.8695
2547 194.106 82.9553
2548 192.581 83.1985
2549 193.623 83.0595
2550 194.032 82.9527
2551 194.105 82.9487
2552 193.094 83.061
2553 193.187 83.0322
2554 193.714 82.9381
2555 194.224 82.8455
2556 193.709 82.93
2557 194.102 82.861
2558 193.557 83.0208
2559 194.27 82.8597
2560 194.187 82.8766
2561 194.161 82.8715
2562 194.395 82.8278
2563 194.572 82.792
2564 195.22 82.6759
